12.6
10.76
12.44
6.39
5.49
10.21
9.46
6.2
8.18
6
4.89
14.82
9.37
18.25
17.45
12.48
9.11
7.37
14.8
5.23
7.8
10.6
14.4
11.9
5.94
11.97
9.28
10.65
15.8
9.09
10.74
15.7
5.63
3.64
9.13
12.15
15.2
10.36
4.11
4.48
10.41
5.65
8.9
10.85
14.49
3.16
13.68
19.71
6.56
10.51
16.22
17.73
9.92
13.84
11.4
12.78
17.34
3.3
10.68
9.08
15.55
4.23
6.12
9.69
4.65
10.98
12.57
7.59
16.24
11.71
17.14
5.56
13.08
14.32
8.09
12.24
9.06
15.78
14.58
14.56
3.34
5.38
11.76
6.96
16.12
14.7
3.51
8.42
8.23
4.77
8.5
11.42
8.93
7.26
13.82
17.61
6.34
6.74
10.03
15.53